1950 20
1950 12
1950 14
1950 22
1950 28
1950 12
1950 16
1950 12
1950 24
1950 25
1950 10
1950 29
1951 23
1951 14
1951 15
1951 11
1951 16
1951 15
1951 11
1951 29
1951 20
1951 24
1951 14
1951 14
1952 22
1952 12
1952 26
1952 23
1952 28
1952 26
1952 25
1952 19
1952 16
1952 18
1952 27
1952 12
1953 13
1953 14
1953 14
1953 18
1953 28
1953 23
1953 24
1953 28
1953 23
1953 15
1953 23
1953 19
1954 29
1954 26
1954 24
1954 15
1954 13
1954 28
1954 23
1954 25
1954 29
1954 26
1954 18
1954 23
1955 15
1955 25
1955 28
1955 28
1955 23
1955 13
1955 13
1955 28
1955 27
1955 25
1955 25
1955 19
1956 24
1956 14
1956 11
1956 14
1956 14
1956 14
1956 15
1956 10
1956 15
1956 14
1956 20
1956 22
1957 13
1957 15
1957 12
1957 21
1957 23
1957 12
1957 25
1957 20
1957 18
1957 13
1957 23
1957 15
1958 13
1958 21
1958 24
1958 26
1958 18
1958 25
1958 15
1958 15
1958 24
1958 16
1958 16
1958 11
1959 22
1959 23
1959 21
1959 29
1959 26
1959 18
1959 19
1959 28
1959 28
1959 18
1959 24
1959 10
1960 26
1960 18
1960 25
1960 14
1960 22
1960 13
1960 20
1960 11
1960 14
1960 10
1960 12
1960 25
1961 27
1961 14
1961 13
1961 25
1961 28
1961 16
1961 28
1961 19
1961 22
1961 14
1961 27
1961 12
1962 18
1962 29
1962 17
1962 18
1962 27
1962 11
1962 21
1962 23
1962 19
1962 16
1962 21
1962 29
1963 13
1963 25
1963 24
1963 28
1963 22
1963 27
1963 17
1963 11
1963 25
1963 21
1963 11
1963 18
1964 27
1964 17
1964 13
1964 22
1964 19
1964 24
1964 17
1964 26
1964 19
1964 10
1964 14
1964 25
1965 14
1965 20
1965 12
1965 16
1965 18
1965 14
1965 22
1965 13
1965 18
1965 13
1965 14
1965 12
1966 21
1966 29
1966 15
1966 15
1966 16
1966 25
1966 20
1966 25
1966 19
1966 28
1966 25
1966 24
1967 15
1967 12
1967 25
1967 19
1967 17
1967 10
1967 11
1967 23
1967 11
1967 28
1967 13
1967 18
1968 28
1968 27
1968 26
1968 10
1968 26
1968 14
1968 27
1968 28
1968 22
1968 12
1968 23
1968 25
1969 17
1969 10
1969 29
1969 15
1969 27
1969 13
1969 19
1969 17
1969 10
1969 14
1969 24
1969 16
1970 19
1970 13
1970 22
1970 18
1970 12
1970 24
1970 27
1970 16
1970 10
1970 28
1970 15
1970 21
1971 20
1971 11
1971 11
1971 15
1971 23
1971 28
1971 12
1971 21
1971 23
1971 13
1971 13
1971 23
1972 26
1972 19
1972 27
1972 21
1972 18
1972 19
1972 21
1972 25
1972 27
1972 23
1972 21
1972 16
1973 13
1973 19
1973 23
1973 16
1973 11
1973 13
1973 19
1973 16
1973 13
1973 28
1973 29
1973 26
1974 22
1974 29
1974 10
1974 23
1974 15
1974 25
1974 18
1974 26
1974 25
1974 24
1974 10
1974 12
1975 18
1975 22
1975 26
1975 21
1975 11
1975 11
1975 11
1975 23
1975 13
1975 21
1975 20
1975 27
1976 10
1976 14
1976 28
1976 12
1976 23
1976 25
1976 22
1976 12
1976 13
1976 14
1976 25
1976 19
1977 16
1977 14
1977 13
1977 27
1977 28
1977 10
1977 14
1977 11
1977 23
1977 23
1977 24
1977 16
1978 25
1978 22
1978 20
1978 21
1978 16
1978 10
1978 19
1978 11
1978 27
1978 27
1978 21
1978 17
1979 29
1979 11
1979 10
1979 11
1979 26
1979 12
1979 25
1979 29
1979 23
1979 17
1979 13
1979 23
1980 28
1980 14
1980 13
1980 24
1980 19
1980 14
1980 23
1980 15
1980 23
1980 24
1980 25
1980 20
1981 15
1981 15
1981 28
1981 12
1981 13
1981 27
1981 18
1981 27
1981 20
1981 13
1981 12
1981 11
1982 26
1982 23
1982 22
1982 18
1982 23
1982 20
1982 20
1982 18
1982 11
1982 19
1982 25
1982 12
1983 26
1983 28
1983 18
1983 26
1983 18
1983 25
1983 24
1983 15
1983 21
1983 27
1983 15
1983 13
1984 14
1984 23
1984 24
1984 19
1984 27
1984 16
1984 17
1984 13
1984 13
1984 19
1984 25
1984 24
1985 20
1985 21
1985 27
1985 27
1985 10
1985 23
1985 16
1985 15
1985 19
1985 24
1985 14
1985 16
1986 10
1986 28
1986 11
1986 21
1986 11
1986 18
1986 23
1986 23
1986 28
1986 19
1986 17
1986 23
1987 23
1987 26
1987 17
1987 12
1987 19
1987 15
1987 16
1987 20
1987 19
1987 16
1987 17
1987 22
1988 12
1988 12
1988 21
1988 22
1988 26
1988 18
1988 22
1988 14
1988 23
1988 23
1988 16
1988 16
1989 20
1989 20
1989 21
1989 29
1989 17
1989 11
1989 19
1989 24
1989 27
1989 29
1989 27
1989 25
1990 24
1990 24
1990 13
1990 22
1990 15
1990 27
1990 15
1990 16
1990 11
1990 11
1990 17
1990 15
1991 24
1991 27
1991 15
1991 19
1991 21
1991 16
1991 29
1991 19
1991 28
1991 22
1991 24
1991 28
1992 11
1992 14
1992 21
1992 15
1992 27
1992 16
1992 24
1992 24
1992 28
1992 14
1992 11
1992 22
1993 25
1993 12
1993 13
1993 17
1993 26
1993 16
1993 22
1993 27
1993 12
1993 18
1993 25
1993 24
1994 20
1994 20
1994 21
1994 25
1994 12
1994 15
1994 25
1994 19
1994 19
1994 29
1994 23
1994 14
1995 24
1995 28
1995 20
1995 24
1995 27
1995 13
1995 10
1995 29
1995 24
1995 14
1995 15
1995 16
1996 20
1996 26
1996 26
1996 27
1996 22
1996 27
1996 16
1996 16
1996 15
1996 18
1996 24
1996 20
1997 23
1997 23
1997 24
1997 23
1997 13
1997 20
1997 29
1997 18
1997 21
1997 15
1997 22
1997 22
1998 16
1998 13
1998 10
1998 29
1998 28
1998 10
1998 16
1998 25
1998 15
1998 11
1998 19
1998 13
1999 15
1999 10
1999 11
1999 28
1999 24
1999 20
1999 23
1999 19
1999 22
1999 15
1999 20
1999 27
2000 21
2000 15
2000 19
2000 20
2000 11
2000 28
2000 15
2000 17
2000 17
2000 13
2000 16
2000 11
2001 26
2001 19
2001 20
2001 29
2001 13
2001 21
2001 23
2001 27
2001 10
2001 12
2001 23
2001 12
2002 26
2002 28
2002 28
2002 14
2002 24
2002 22
2002 22
2002 24
2002 15
2002 21
2002 18
2002 22
2003 17
2003 28
2003 15
2003 25
2003 12
2003 10
2003 19
2003 16
2003 29
2003 25
2003 29
2003 28
2004 12
2004 17
2004 25
2004 11
2004 28
2004 28
2004 15
2004 14
2004 28
2004 23
2004 29
2004 21
2005 29
2005 20
2005 22
2005 17
2005 15
2005 24
2005 12
2005 26
2005 23
2005 28
2005 21
2005 23
2006 19
2006 16
2006 10
2006 18
2006 26
2006 24
2006 17
2006 29
2006 10
2006 15
2006 21
2006 27
2007 20
2007 22
2007 20
2007 29
2007 23
2007 21
2007 17
2007 16
2007 26
2007 29
2007 28
2007 23
2008 20
2008 26
2008 11
2008 22
2008 22
2008 17
2008 22
2008 15
2008 24
2008 23
2008 19
2008 26
2009 12
2009 16
2009 13
2009 25
2009 28
2009 22
2009 28
2009 17
2009 15
2009 23
2009 26
2009 11
2010 23
2010 26
2010 16
2010 11
2010 22
2010 10
2010 19
2010 22
2010 16
2010 24
2010 26
2010 16
2011 21
2011 26
2011 26
2011 20
2011 20
2011 26
2011 13
2011 13
2011 23
2011 10
2011 24
2011 11
2012 18
2012 19
2012 12
2012 15
2012 27
2012 21
2012 16
2012 12
2012 21
2012 29
2012 10
2012 18
2013 18
2013 14
2013 19
2013 13
2013 17
2013 13
2013 17
2013 11
2013 29
2013 28
2013 24
2013 15
2014 27
2014 14
2014 25
2014 17
2014 24
2014 13
2014 27
2014 24
2014 24
2014 18
2014 15
2014 28
2015 27
2015 18
2015 11
2015 13
2015 11
2015 15
2015 19
2015 25
2015 29
2015 25
2015 14
2015 28
2016 13
2016 11
2016 20
2016 22
2016 29
2016 18
2016 25
2016 27
2016 13
2016 11
2016 17
2016 12
